(n, k, m) counts and m-height statistics across ./split_data_train_20000_random + ./split_data_validation_20000_random (total 840000 samples)
combo           count   mean_h      std_h       min_h      max_h
(9, 4, 2)       40000   151.78      42.63       12.59      750.75
(9, 4, 3)       40000   291.74      151.03      80.66      4865.43
(9, 4, 4)       40000   1304.20     1946.64     173.31     71266.97
(9, 4, 5)       40000   111900.07   1315119.66  1207.96    127689008.00
(9, 5, 2)       40000   329.77      160.45      74.82      6859.43
(9, 5, 3)       40000   1452.31     2841.79     221.50     288252.91
(9, 5, 4)       40000   157902.23   2838385.09  1544.93    391861344.00
(9, 6, 2)       40000   908.37      1448.98     187.61     132648.83
(9, 6, 3)       40000   104589.02   3159986.88  1067.12    586328064.00
(10, 4, 2)      40000   71.17       42.88       8.83       284.49
(10, 4, 3)      40000   180.95      42.45       25.63      1245.51
(10, 4, 4)      40000   370.68      227.65      128.80     11813.12
(10, 4, 5)      40000   1886.32     3260.68     273.94     209887.72
(10, 4, 6)      40000   202060.43   4989737.86  1933.64    947586432.00
(10, 5, 2)      40000   232.04      61.87       52.59      1402.06
(10, 5, 3)      40000   505.01      335.81      154.02     21564.61
(10, 5, 4)      40000   2628.81     4173.69     357.76     257948.31
(10, 5, 5)      40000   805514.60   87245603.61 3493.19    17419665408.00
(10, 6, 2)      40000   452.86      239.38      125.69     13383.04
(10, 6, 3)      40000   2301.44     3613.83     366.84     187680.53
(10, 6, 4)      40000   358484.71   6521196.36  3669.96    1079613952.00
